,precinct,Neigh_Slow_Zone_Total,year,PrecinctYear
0,1.0,0,2011,0012011
1,1.0,0,2012,0012012
2,1.0,0,2013,0012013
3,1.0,0,2014,0012014
4,1.0,1,2015,0012015
5,6.0,0,2011,0062011
6,6.0,0,2012,0062012
7,6.0,0,2013,0062013
8,6.0,0,2014,0062014
9,6.0,1,2015,0062015
10,7.0,0,2011,0072011
11,7.0,0,2012,0072012
12,7.0,0,2013,0072013
13,7.0,1,2014,0072014
14,7.0,0,2015,0072015
15,9.0,0,2011,0092011
16,9.0,0,2012,0092012
17,9.0,0,2013,0092013
18,9.0,1,2014,0092014
19,9.0,0,2015,0092015
20,13.0,0,2011,0132011
21,13.0,0,2012,0132012
22,13.0,0,2013,0132013
23,13.0,1,2014,0132014
24,13.0,0,2015,0132015
25,33.0,0,2011,0332011
26,33.0,0,2012,0332012
27,33.0,0,2013,0332013
28,33.0,0,2014,0332014
29,33.0,1,2015,0332015
30,34.0,0,2011,0342011
31,34.0,1,2012,0342012
32,34.0,0,2013,0342013
33,34.0,0,2014,0342014
34,34.0,1,2015,0342015
35,41.0,1,2011,0412011
36,41.0,0,2012,0412012
37,41.0,0,2013,0412013
38,41.0,0,2014,0412014
39,41.0,0,2015,0412015
40,42.0,1,2011,0422011
41,42.0,0,2012,0422012
42,42.0,0,2013,0422013
43,42.0,0,2014,0422014
44,42.0,0,2015,0422015
45,43.0,0,2011,0432011
46,43.0,0,2012,0432012
47,43.0,0,2013,0432013
48,43.0,0,2014,0432014
49,43.0,1,2015,0432015
50,44.0,0,2011,0442011
51,44.0,1,2012,0442012
52,44.0,0,2013,0442013
53,44.0,0,2014,0442014
54,44.0,0,2015,0442015
55,45.0,0,2011,0452011
56,45.0,0,2012,0452012
57,45.0,0,2013,0452013
58,45.0,0,2014,0452014
59,45.0,1,2015,0452015
60,46.0,0,2011,0462011
61,46.0,1,2012,0462012
62,46.0,0,2013,0462013
63,46.0,0,2014,0462014
64,46.0,0,2015,0462015
65,47.0,0,2011,0472011
66,47.0,0,2012,0472012
67,47.0,1,2013,0472013
68,47.0,0,2014,0472014
69,47.0,0,2015,0472015
70,49.0,0,2011,0492011
71,49.0,0,2012,0492012
72,49.0,1,2013,0492013
73,49.0,0,2014,0492014
74,49.0,1,2015,0492015
75,50.0,0,2011,0502011
76,50.0,0,2012,0502012
77,50.0,1,2013,0502013
78,50.0,0,2014,0502014
79,50.0,0,2015,0502015
80,52.0,0,2011,0522011
81,52.0,0,2012,0522012
82,52.0,0,2013,0522013
83,52.0,1,2014,0522014
84,52.0,0,2015,0522015
85,73.0,0,2011,0732011
86,73.0,0,2012,0732012
87,73.0,0,2013,0732013
88,73.0,1,2014,0732014
89,73.0,0,2015,0732015
90,75.0,0,2011,0752011
91,75.0,0,2012,0752012
92,75.0,0,2013,0752013
93,75.0,1,2014,0752014
94,75.0,0,2015,0752015
95,76.0,0,2011,0762011
96,76.0,0,2012,0762012
97,76.0,1,2013,0762013
98,76.0,0,2014,0762014
99,76.0,1,2015,0762015
100,77.0,0,2011,0772011
101,77.0,0,2012,0772012
102,77.0,0,2013,0772013
103,77.0,0,2014,0772014
104,77.0,1,2015,0772015
105,78.0,0,2011,0782011
106,78.0,0,2012,0782012
107,78.0,1,2013,0782013
108,78.0,0,2014,0782014
109,78.0,1,2015,0782015
110,79.0,0,2011,0792011
111,79.0,0,2012,0792012
112,79.0,0,2013,0792013
113,79.0,1,2014,0792014
114,79.0,0,2015,0792015
115,84.0,0,2011,0842011
116,84.0,0,2012,0842012
117,84.0,1,2013,0842013
118,84.0,0,2014,0842014
119,84.0,1,2015,0842015
120,88.0,0,2011,0882011
121,88.0,0,2012,0882012
122,88.0,0,2013,0882013
123,88.0,1,2014,0882014
124,88.0,1,2015,0882015
125,108.0,0,2011,1082011
126,108.0,0,2012,1082012
127,108.0,0,2013,1082013
128,108.0,1,2014,1082014
129,108.0,2,2015,1082015
130,110.0,0,2011,1102011
131,110.0,1,2012,1102012
132,110.0,1,2013,1102013
133,110.0,1,2014,1102014
134,110.0,0,2015,1102015
135,111.0,0,2011,1112011
136,111.0,0,2012,1112012
137,111.0,1,2013,1112013
138,111.0,0,2014,1112014
139,111.0,0,2015,1112015
140,114.0,0,2011,1142011
141,114.0,0,2012,1142012
142,114.0,0,2013,1142013
143,114.0,0,2014,1142014
144,114.0,1,2015,1142015
145,115.0,0,2011,1152011
146,115.0,1,2012,1152012
147,115.0,2,2013,1152013
148,115.0,1,2014,1152014
149,115.0,0,2015,1152015
150,120.0,0,2011,1202011
151,120.0,1,2012,1202012
152,120.0,1,2013,1202013
153,120.0,0,2014,1202014
154,120.0,0,2015,1202015
155,122.0,0,2011,1222011
156,122.0,0,2012,1222012
157,122.0,1,2013,1222013
158,122.0,0,2014,1222014
159,122.0,0,2015,1222015
