,precinct,Speed_Bump_Total,year,PrecinctYear
0,1.0,0,2011,0012011
1,1.0,0,2012,0012012
2,1.0,0,2013,0012013
3,1.0,1,2014,0012014
4,1.0,2,2015,0012015
5,5.0,0,2011,0052011
6,5.0,0,2012,0052012
7,5.0,0,2013,0052013
8,5.0,2,2014,0052014
9,5.0,2,2015,0052015
10,6.0,0,2011,0062011
11,6.0,0,2012,0062012
12,6.0,0,2013,0062013
13,6.0,0,2014,0062014
14,6.0,8,2015,0062015
15,7.0,0,2011,0072011
16,7.0,0,2012,0072012
17,7.0,0,2013,0072013
18,7.0,1,2014,0072014
19,7.0,1,2015,0072015
20,9.0,0,2011,0092011
21,9.0,0,2012,0092012
22,9.0,0,2013,0092013
23,9.0,13,2014,0092014
24,9.0,13,2015,0092015
25,10.0,0,2011,0102011
26,10.0,0,2012,0102012
27,10.0,0,2013,0102013
28,10.0,1,2014,0102014
29,10.0,2,2015,0102015
30,13.0,0,2011,0132011
31,13.0,0,2012,0132012
32,13.0,0,2013,0132013
33,13.0,1,2014,0132014
34,13.0,1,2015,0132015
35,17.0,0,2011,0172011
36,17.0,0,2012,0172012
37,17.0,1,2013,0172013
38,17.0,1,2014,0172014
39,17.0,1,2015,0172015
40,18.0,0,2011,0182011
41,18.0,0,2012,0182012
42,18.0,0,2013,0182013
43,18.0,0,2014,0182014
44,18.0,1,2015,0182015
45,19.0,0,2011,0192011
46,19.0,0,2012,0192012
47,19.0,1,2013,0192013
48,19.0,1,2014,0192014
49,19.0,2,2015,0192015
50,20.0,0,2011,0202011
51,20.0,0,2012,0202012
52,20.0,1,2013,0202013
53,20.0,4,2014,0202014
54,20.0,6,2015,0202015
55,22.0,0,2011,0222011
56,22.0,0,2012,0222012
57,22.0,0,2013,0222013
58,22.0,0,2014,0222014
59,22.0,2,2015,0222015
60,23.0,0,2011,0232011
61,23.0,0,2012,0232012
62,23.0,1,2013,0232013
63,23.0,3,2014,0232014
64,23.0,6,2015,0232015
65,24.0,0,2011,0242011
66,24.0,0,2012,0242012
67,24.0,2,2013,0242013
68,24.0,4,2014,0242014
69,24.0,5,2015,0242015
70,25.0,0,2011,0252011
71,25.0,0,2012,0252012
72,25.0,0,2013,0252013
73,25.0,0,2014,0252014
74,25.0,1,2015,0252015
75,26.0,0,2011,0262011
76,26.0,0,2012,0262012
77,26.0,1,2013,0262013
78,26.0,2,2014,0262014
79,26.0,3,2015,0262015
80,28.0,0,2011,0282011
81,28.0,0,2012,0282012
82,28.0,1,2013,0282013
83,28.0,2,2014,0282014
84,28.0,4,2015,0282015
85,30.0,0,2011,0302011
86,30.0,0,2012,0302012
87,30.0,0,2013,0302013
88,30.0,1,2014,0302014
89,30.0,1,2015,0302015
90,33.0,0,2011,0332011
91,33.0,0,2012,0332012
92,33.0,1,2013,0332013
93,33.0,3,2014,0332014
94,33.0,8,2015,0332015
95,34.0,1,2011,0342011
96,34.0,1,2012,0342012
97,34.0,3,2013,0342013
98,34.0,5,2014,0342014
99,34.0,15,2015,0342015
100,40.0,0,2011,0402011
101,40.0,0,2012,0402012
102,40.0,0,2013,0402013
103,40.0,7,2014,0402014
104,40.0,7,2015,0402015
105,41.0,1,2011,0412011
106,41.0,1,2012,0412012
107,41.0,1,2013,0412013
108,41.0,1,2014,0412014
109,41.0,3,2015,0412015
110,42.0,0,2011,0422011
111,42.0,0,2012,0422012
112,42.0,0,2013,0422013
113,42.0,4,2014,0422014
114,42.0,7,2015,0422015
115,43.0,2,2011,0432011
116,43.0,2,2012,0432012
117,43.0,3,2013,0432013
118,43.0,13,2014,0432014
119,43.0,17,2015,0432015
120,44.0,0,2011,0442011
121,44.0,0,2012,0442012
122,44.0,0,2013,0442013
123,44.0,3,2014,0442014
124,44.0,6,2015,0442015
125,45.0,0,2011,0452011
126,45.0,0,2012,0452012
127,45.0,8,2013,0452013
128,45.0,16,2014,0452014
129,45.0,18,2015,0452015
130,46.0,0,2011,0462011
131,46.0,0,2012,0462012
132,46.0,0,2013,0462013
133,46.0,9,2014,0462014
134,46.0,10,2015,0462015
135,47.0,0,2011,0472011
136,47.0,0,2012,0472012
137,47.0,6,2013,0472013
138,47.0,11,2014,0472014
139,47.0,16,2015,0472015
140,48.0,0,2011,0482011
141,48.0,0,2012,0482012
142,48.0,0,2013,0482013
143,48.0,1,2014,0482014
144,48.0,4,2015,0482015
145,49.0,0,2011,0492011
146,49.0,0,2012,0492012
147,49.0,3,2013,0492013
148,49.0,12,2014,0492014
149,49.0,15,2015,0492015
150,50.0,1,2011,0502011
151,50.0,2,2012,0502012
152,50.0,7,2013,0502013
153,50.0,15,2014,0502014
154,50.0,17,2015,0502015
155,52.0,0,2011,0522011
156,52.0,0,2012,0522012
157,52.0,0,2013,0522013
158,52.0,12,2014,0522014
159,52.0,14,2015,0522015
160,60.0,0,2011,0602011
161,60.0,0,2012,0602012
162,60.0,0,2013,0602013
163,60.0,2,2014,0602014
164,60.0,2,2015,0602015
165,61.0,1,2011,0612011
166,61.0,1,2012,0612012
167,61.0,2,2013,0612013
168,61.0,7,2014,0612014
169,61.0,8,2015,0612015
170,62.0,1,2011,0622011
171,62.0,1,2012,0622012
172,62.0,1,2013,0622013
173,62.0,3,2014,0622014
174,62.0,3,2015,0622015
175,63.0,0,2011,0632011
176,63.0,0,2012,0632012
177,63.0,2,2013,0632013
178,63.0,4,2014,0632014
179,63.0,4,2015,0632015
180,66.0,1,2011,0662011
181,66.0,1,2012,0662012
182,66.0,2,2013,0662013
183,66.0,2,2014,0662014
184,66.0,3,2015,0662015
185,67.0,1,2011,0672011
186,67.0,1,2012,0672012
187,67.0,5,2013,0672013
188,67.0,9,2014,0672014
189,67.0,9,2015,0672015
190,68.0,1,2011,0682011
191,68.0,1,2012,0682012
192,68.0,1,2013,0682013
193,68.0,2,2014,0682014
194,68.0,3,2015,0682015
195,70.0,1,2011,0702011
196,70.0,1,2012,0702012
197,70.0,2,2013,0702013
198,70.0,7,2014,0702014
199,70.0,10,2015,0702015
200,71.0,1,2011,0712011
201,71.0,1,2012,0712012
202,71.0,1,2013,0712013
203,71.0,6,2014,0712014
204,71.0,7,2015,0712015
205,72.0,0,2011,0722011
206,72.0,0,2012,0722012
207,72.0,3,2013,0722013
208,72.0,9,2014,0722014
209,72.0,9,2015,0722015
210,73.0,0,2011,0732011
211,73.0,0,2012,0732012
212,73.0,0,2013,0732013
213,73.0,9,2014,0732014
214,73.0,9,2015,0732015
215,75.0,1,2011,0752011
216,75.0,1,2012,0752012
217,75.0,2,2013,0752013
218,75.0,4,2014,0752014
219,75.0,13,2015,0752015
220,76.0,3,2011,0762011
221,76.0,3,2012,0762012
222,76.0,3,2013,0762013
223,76.0,4,2014,0762014
224,76.0,5,2015,0762015
225,77.0,1,2011,0772011
226,77.0,1,2012,0772012
227,77.0,2,2013,0772013
228,77.0,3,2014,0772014
229,77.0,6,2015,0772015
230,78.0,1,2011,0782011
231,78.0,1,2012,0782012
232,78.0,5,2013,0782013
233,78.0,11,2014,0782014
234,78.0,13,2015,0782015
235,79.0,1,2011,0792011
236,79.0,1,2012,0792012
237,79.0,5,2013,0792013
238,79.0,12,2014,0792014
239,79.0,17,2015,0792015
240,81.0,0,2011,0812011
241,81.0,0,2012,0812012
242,81.0,2,2013,0812013
243,81.0,3,2014,0812014
244,81.0,4,2015,0812015
245,83.0,0,2011,0832011
246,83.0,0,2012,0832012
247,83.0,2,2013,0832013
248,83.0,7,2014,0832014
249,83.0,8,2015,0832015
250,84.0,0,2011,0842011
251,84.0,0,2012,0842012
252,84.0,0,2013,0842013
253,84.0,1,2014,0842014
254,84.0,2,2015,0842015
255,88.0,2,2011,0882011
256,88.0,2,2012,0882012
257,88.0,4,2013,0882013
258,88.0,15,2014,0882014
259,88.0,17,2015,0882015
260,90.0,0,2011,0902011
261,90.0,0,2012,0902012
262,90.0,0,2013,0902013
263,90.0,1,2014,0902014
264,90.0,2,2015,0902015
265,94.0,0,2011,0942011
266,94.0,0,2012,0942012
267,94.0,0,2013,0942013
268,94.0,2,2014,0942014
269,94.0,2,2015,0942015
270,101.0,0,2011,1012011
271,101.0,0,2012,1012012
272,101.0,1,2013,1012013
273,101.0,1,2014,1012014
274,101.0,3,2015,1012015
275,102.0,0,2011,1022011
276,102.0,0,2012,1022012
277,102.0,2,2013,1022013
278,102.0,8,2014,1022014
279,102.0,15,2015,1022015
280,103.0,0,2011,1032011
281,103.0,0,2012,1032012
282,103.0,0,2013,1032013
283,103.0,1,2014,1032014
284,103.0,1,2015,1032015
285,104.0,1,2011,1042011
286,104.0,1,2012,1042012
287,104.0,2,2013,1042013
288,104.0,8,2014,1042014
289,104.0,10,2015,1042015
290,105.0,1,2011,1052011
291,105.0,1,2012,1052012
292,105.0,2,2013,1052013
293,105.0,7,2014,1052014
294,105.0,7,2015,1052015
295,106.0,0,2011,1062011
296,106.0,0,2012,1062012
297,106.0,0,2013,1062013
298,106.0,1,2014,1062014
299,106.0,2,2015,1062015
300,107.0,2,2011,1072011
301,107.0,2,2012,1072012
302,107.0,3,2013,1072013
303,107.0,6,2014,1072014
304,107.0,8,2015,1072015
305,108.0,0,2011,1082011
306,108.0,0,2012,1082012
307,108.0,1,2013,1082013
308,108.0,15,2014,1082014
309,108.0,30,2015,1082015
310,109.0,0,2011,1092011
311,109.0,0,2012,1092012
312,109.0,3,2013,1092013
313,109.0,10,2014,1092014
314,109.0,11,2015,1092015
315,110.0,0,2011,1102011
316,110.0,0,2012,1102012
317,110.0,0,2013,1102013
318,110.0,7,2014,1102014
319,110.0,7,2015,1102015
320,111.0,1,2011,1112011
321,111.0,1,2012,1112012
322,111.0,4,2013,1112013
323,111.0,14,2014,1112014
324,111.0,17,2015,1112015
325,112.0,3,2011,1122011
326,112.0,3,2012,1122012
327,112.0,4,2013,1122013
328,112.0,7,2014,1122014
329,112.0,7,2015,1122015
330,113.0,0,2011,1132011
331,113.0,0,2012,1132012
332,113.0,5,2013,1132013
333,113.0,5,2014,1132014
334,113.0,5,2015,1132015
335,114.0,1,2011,1142011
336,114.0,1,2012,1142012
337,114.0,1,2013,1142013
338,114.0,4,2014,1142014
339,114.0,6,2015,1142015
340,115.0,0,2011,1152011
341,115.0,0,2012,1152012
342,115.0,0,2013,1152013
343,115.0,14,2014,1152014
344,115.0,14,2015,1152015
345,120.0,0,2011,1202011
346,120.0,0,2012,1202012
347,120.0,0,2013,1202013
348,120.0,1,2014,1202014
349,120.0,1,2015,1202015
350,121.0,0,2011,1212011
351,121.0,0,2012,1212012
352,121.0,3,2013,1212013
353,121.0,3,2014,1212014
354,121.0,3,2015,1212015
355,122.0,0,2011,1222011
356,122.0,0,2012,1222012
357,122.0,2,2013,1222013
358,122.0,5,2014,1222014
359,122.0,5,2015,1222015
360,123.0,0,2011,1232011
361,123.0,0,2012,1232012
362,123.0,2,2013,1232013
363,123.0,3,2014,1232014
364,123.0,3,2015,1232015
